191911
204883
142710
199451
89034
141524
148120
78186
114341
118762
115463
162466
127673
204794
187028
194147
78958
191672
133444
147250
204974
80985
149514
81162
127019
118663
157991
169419
148231
167839
139366
90591
90253
115908
99910
133232
122552
203508
135571
197200
149788
86995
202155
183422
168719
164001
202355
157326
189074
145723
144313
186989
107047
178927
185171
161089
146771
194237
158702
176040
195280
84854
136000
158528
159885
81075
126305
95199
165710
114165
201761
162647
154360
101691
184418
166670
167756
91395
114231
124545
160038
185009
205480
104180
129832
146224
87787
189219
75918
197322
196481
138527
204409
101334
204456
99244
125431
77161
107175
166033
205435
200425
88655
84007
205778
201259
87532
172264
180224
76012
90773
135508
130591
132562
144427
204508
138962
204455
204478
76636
105827
152174
100312
196460
195424
101775
171202
113392
154189
111782
114932
189820
199453
79935
94856
97695
113673
188480
76339
79779
76160
182498
86428
204604
197079
77136
157274
111429
181715
190170
88751
150891
140335
88487
143623
128167
116976
113213
79320
79062
120092
117515
157190
156802
78267
162882
187879
190024
92106
83552
182858
205305
204813
119144
177160
99896
183121
99583
157394
111540
89725
190814
104809
105031
119087
110529
119729
182301
138780
201091
170037
173575
101081
143206
204870
78340
202130
203983
98699
176314
145602
198342
120003
144811
104177
90950
99276
197213
132885
204292
182781
92826
85036
149519
91313
155989
195012
153411
84798
152847
177915
189134
123525
191834
192185
198004
185139
135090
77707
142573
205811
96646
181609
94487
166069
91332
152496
183056
124142
126237
156698
164779
107265
145855
186519
87115
116125
193168
205695
89501
173915
150887
121123
78779
78801
147279
109049
103896
196366
166883
142376
83192
184951
106233
182709
181299
170119
94056
80067
133249
132506
79968
155110
110815
131178
161313
198772
141788
170277
78418
180527
205557
162810
154844
178472
148243
198562
94510
189079
151350
165812
155044
175222
191200
193762
111918
169009
139878
188057
183169
94687
131630
204419
148904
101794
124268
205821
194609
82876
139964
186271
117608
178711
98909
132728
92989
194784
99715
128782
178331
190543
117972
107514
180005
86397
149829
160978
196336
178068
161723
143198
122017
102937
190399
157946
100448
116418
137463
190590
122208
127115
187796
180012
182960
138080
179662
106887
90486
178234
193894
124024
162454
119699
192030
171914
205124
109424
180899
139492
153194
120948
122385
194556
81296
169717
115612
182881
88292
134016
98401
144347
81385
122389
203424
119295
150628
192810
153346
199831
90583
174755
184125
177764
204984
143958
125591
197245
122172
95495
134643
140066
84273
188155
185212
108137
114109
205266
152329
159166
77190
142910
94078
165531
118020
136369
152312
111099
144481
104989
199385
150318
76481
160661
197111
164063
133560
79543
101005
92374
184464
134380
97494
104930
198346
181776
188102
184098
170376
150957
199038
140122
145997
150941
79278
97153
190837
99066
93521
100935
175843
159810
155467
117898
193523
153101
99324
194252
121576
86569
166325
88960
117335
141996
157169
88141
201606
125235
77376
76391
96281
146481
202190
204644
98088
100493
198460
176612
117646
77788
191375
184883
205447
128454
185055
150247
86831
183050
180357
81468
84907
80336
187714
147610
91207
205724
137828
149457
134550
111694
152744
181370
108195
78168
108934
205163
158006
175096
91112
149245
108278
140749
183189
197133
76279
173333
144701
132107
155645
178502
151231
79811
161607
204849
175121
174626
187645
103257
176326
189887
101264
162658
176243
117623
112332
123939
187310
76940
93931
177108
107677
90114
191297
205353
113772
166772
114756
129036
170060
159561
171969
85423
180926
175579
77867
76483
107018
81792
107216
182132
204904
78562
205267
181674
80325
120849
93083
170305
112069
112680
140336
95389
117925
171250
146251
121733
171338
77128
175836
103906
115406
201070
150400
86490
189494
186630
199119
107807
122138
111161
158208
133813
179438
124449
143054
148222
197388
114502
98383
109642
199972
112719
144628
144779
169402
141482
198742
152424
204853
115309
84153
195902
98623
145463
128905
146463
95066
176293
122946
108301
174104
174439
183805
81024
101921
130556
83675
122604
204651
205060
205129
182157
116577
137023
159503
189789
198961
86245
108273
158903
95660
136789
120349
141578
100165
158571
114671
112622
175744
187205
172639
134032
159132
204873
98815
169601
77697
155021
90026
76825
170756
105465
188808
147669
106317
163398
204477
204466
163094
163577
205816
89839
173086
90692
111776
106827
115155
108897
82602
204579
205376
136877
183603
87385
119149
79136
205510
156304
167455
193257
177898
169085
156123
189613
99660
169012
122278
145470
112346
120171
105792
104589
142758
181795
185671
94390
129416
97219
83472
203575
152877
144066
91366
79429
93497
102652
136831
122831
162863
157850
194987
176027
167774
151318
142823
122126
195134
122343
144550
85662
157590
175856
149348
131869
97413
115691
129676
142205
176184
135025
183380
177992
182647
107312
96596
189294
174719
114759
103550
146640
96021
138141
76706
122427
165417
103175
143668
156094
120726
189531
173691
145365
170722
204331
133381
168467
161259
82923
127342
147934
182681
163739
200228
104174
199698
104047
191205
165067
187758
176763
202857
173904
188168
82321
134106
151989
182731
167847
93489
196529
91547
124098
188779
141928
177112
130184
162429
78172
96841
89306
106388
134101
124056
195148
197918
119254
178715
205849
192975
141045
136632
175522
82857
140476
117126
95881
92882
151102
97007
134823
150441
101523
111488
192815
77628
193041
87664
181561
85059
204900
139903
85868
154033
185356
103957
127563
153455
187540
144872
201287
126323
123245
124485
194044
168617
141648
137887
157454
204865
205194
182128
195675
107314
158405
144819
109877
204334
190267
83586
100443
195126
145338
110291
75881
159636
183943
77684
125118
148808
188802
167384
137774
203730
188939
148073
101444
77925
165099
191932
185878
180251
99174
173253
77597
127676
198967
122712
92883
142933
170623
188192
162517
89307
180437
84036
173868
200523
160791
113150
110011
194583
110698
89114
181849
183582
174073
141732
178096
144711
177922
188780
188656
155843
193732
145496
155969
114633
190285
119656
164944
167753
84001
202847
128786
134719
115348
105558
171245
181409
130234
129826
133251
157306
188474
204729
200135
189804
166852
108801
160464
170530
205430
179506
156880
143433
90371
136983
183184
147359
161385
100723
155790
191421
179616
131313
162622
134885
79824
90332
157231
154857
178278
114851
119701
174475
152497
156060
176165
156333
106761
138468
205410
121957
168776
137842
174263
199642
86841
167208
184022
179359
105589
195484
184571
135485
176051
161983
79851
80208
123015
97728
118353
194047
86191
98028
142890
136810
120803
102314
162794
163748
87249
192020
205785
173362
189705
122209
180122
131830
83789
153355
139839
157765
86168
187181
88676
178984
85637
97944
175252
140704
162573
200814
100614
177276
88624
172394
148527
134633
159100
107826
152121
165240
157924
127919
119090
83716
167031
204505
115548
123995
128434
171718
183650
113055
90633
190662
186744
77293
204895
147910
168892
124193
114367
155006
166160
124848
121347
86449
195687
171056
151299
121284
200516
188165
109635
137465
197781
130811
186635
128634
141261
168788
96140
126916
160589
115688
198619
77868
203231
168161
172660
129037
178950
137067
123392
107379
177979
125663
140394
161966
147314
106853
181769
84837
155632
117840
152818
163704
123744
86573
165510
205375
155908
196668
131311
159167
133576
204468
158950
100271
156699
150861
130870
202175
193821
88412
163616
77066
142069
200011
129531
198347
148505
188047
163487
79266
99478
193109
182674
184738
137996
164729
159497
174748
151969
125386
127588
138482
195979
157221
82473
85612
149902
176083
172940
89235
133236
145830
90239
174148
118888
146205
127291
153438
102324
126709
147826
193591
114271
165085
78480
90750
122326
104391
191440
179884
112783
145434
179126
141098
163619
124771
144468
102073
121902
154993
137615
174336
149720
96746
200798
102116
95137
79451
96909
162859
177110
179806
165504
121257
194607
107407
151269
199989
123629
164128
187554
189950
199993
124377
153858
167746
82650
127671
155114
155140
81232
122539
109453
167236
160652
132973
184051
115827
184376
118748
178895
99219
170375
110635
137293
127328
112277
93310
139333
125280
88957
181301
150451
189581
131878
171009
157059
108063
194052
205534
186485
104378
106407
85832
90766
197190
166668
201609
123814
191947
178482
143261
99060
93013
124402
129751
170059
87090
121678
196743
205591
112365
117677
113972
112404
192160
182404
125656
186139
129935
158803
120859
76845
107673
164311
163231
137985
200712
104410
157241
79752
189328
119326
205443
205446
177035
82075
203907
111216
160105
205942
91141
163708
92904
141034
152969
111612
156063
169159
125872
153287
137533
191225
102104
84387
149737
156092
151596
193971
169954
192420
167763
157263
185367
111132
135278
157957
204963
198355
97959
158874
121563
84828
194966
88936
107554
101889
155081
193220
197287
163215
158973
138913
133065
161244
92914
82894
162930
133128
150421
84422
154247
173843
137731
117324
160690
185021
114560
122408
205618
134105
95186
75828
83101
76802
121422
89602
160457
123754
144730
110580
166425
124903
107751
78670
124708
102954
89167
123548
139048
99461
87490
105334
178813
180728
119207
114454
154980
151837
86246
158904
115246
150050
191514
101247
163973
187422
165438
114034
172109
107350
180018
162481
108426
198146
181316
83057
132482
140395
156758
137162
135538
151371
151599
115290
147598
184605
201366
181090
135250
169112
143062
203761
204998
195004
205547
179242
140696
141101
201393
181317
94961
199081
200204
115108
119955
153761
96998
178595
98637
90691
103749
95533
176237
116644
84561
106588
147246
182622
124662
110494
164755
127914
88172
178142
107671
109896
126306
156689
193213
88267
117907
77542
133420
182190
175175
187787
176163
81660
202062
204932
91050
110875
166052
85755
187778
101785
137358
175967
139150
193754
184925
176824
142561
137821
100030
175282
132725
144842
163162
93178
176100
190418
125624
194349
165843
148871
190661
108389
146486
130376
123210
166466
195575
124908
98987
115518
79553
150488
103180
109788
199449
119570
117159
169726
160858
190018
124408
145559
169819
118397
205170
182690
182318
120399
171615
122021
158518
191242
189403
109082
182286
120293
195089
84434
146199
130471
85961
200348
154513
85750
177747
156731
91481
145925
197589
170452
201085
179731
113279
155955
80865
113679
134461
197048
176541
181302
111585
181929
172088
167623
82284
138233
190466
80009
169487
149109
171468
93845
117261
196399
112203
129241
198472
107370
158679
140317
95511
167363
95621
85417
89668
77636
152149
103690
85159
194746
83853
197498
204704
161082
166413
125914
121366
113035
102123
152567
165396
91552
201412
203247
116464
155245
154848
125997
176141
190174
103743
198518
171177
170943
112106
108114
82763
94219
151752
204863
115250
158707
116298
112284
152855
113134
95055
80014
118135
160514
85879
124401
128761
179550
150134
182644
153733
96716
172851
122493
201969
130449
119662
77363
110715
81702
159077
134726
99809
121726
167640
169338
94771
146058
185656
129433
183946
143463
140998
90248
101158
147165
200416
204707
202418
102752
111598
138767
82419
122502
134157
138241
151656
145016
76336
82476
106652
126740
179112
184089
183365
111452
175165
164820
130771
150138
183622
180423
150815
120520
144079
93714
132536
116389
150142
171708
152153
121894
118097
198226
132291
178885
152789
89954
114129
80448
87223
196132
166729
91074
165248
194157
91916
152913
94985
138615
119465
155661
125192
119146
191564
122837
166736
164728
152521
120047
104154
117122
121241
120775
142484
129997
180771
158461
83905
199674
183631
177384
148674
100750
161638
129992
127677
190210
199734
99049
184432
155602
109892
78719
193627
175196
79385
142791
125893
88484
141614
104367
129587
122685
203331
179039
165728
189266
90397
114998
112455
91572
107266
177721
159982
107335
119116
193291
117241
205810
119884
133377
190479
193460
115047
128400
127123
154483
177605
164931
182697
148114
178925
82417
154811
95397
86272
168557
117589
179618
170898
93509
86345
116961
178938
192193
187061
131244
155829
128188
186486
77141
113827
187253
192431
88113
86987
76170
126060
171308
120084
157711
101813
203644
90603
98252
152955
123331
76519
107799
193842
165281
78887
176613
136463
196478
204899
79698
199539
122720
165525
82087
88628
200438
77818
81234
173194
143220
186828
192734
205698
76042
77455
158890
83105
202374
79665
199473
170710
201351
83948
91277
156624
105476
160772
78019
134982
192131
94688
118338
175203
162943
78874
156724
100821
150640
195759
141566
177921
150352
84363
159090
85082
173191
80235
139961
160007
181952
161756
88275
110510
141688
136087
148389
146872
108746
87541
156293
119062
165308
139076
139205
121440
188302
80240
77610
93115
114785
105923
111063
192120
147970
77983
185445
77115
109474
98259
81568
183824
132804
136808
115669
165261
85645
169090
171552
182531
81469
127378
202936
114909
126368
205817
205744
143994
201861
201436
148947
76829
105486
124355
107548
160178
176159
189627
183014
190085
88747
100070
190147
141210
101483
181327
137955
206020
91025
148678
193005
137861
89173
206021
119840
138311
84769
206022
119424
128044
129124
206023
176641
87886
123589
195773
98389
151453
129435
176542
90120
206027
206026
88526
108986
190692
107174
96707
107394
94147
98805
129239
139510
202383
86240
87296
83775
126496
205858
187102
159469
173282
113701
195084
167942
169027
89669
161609
183547
195886
155281
154133
189041
175124
187280
188846
202934
137726
93771
164890
139411
202238
138071
126949
126670
162116
169910
142664
128862
131077
78943
169313
108725
121396
100862
173035
159382
181960
95075
116824
105068
128487
171000
111405
93065
102329
175969
187147
84028
135196
131577
90975
188683
203543
139391
202956
90582
175993
144795
152845
175490
87208
98373
146962
182905
102747
92288
133035
97209
126044
154336
177054
129328
87231
186352
132254
194253
121484
137424
90747
161935
150331
157810
126656
95692
168568
129966
205756
204850
200077
82153
162629
149543
80108
201860
78673
171568
205934
135743
193368
206032
124522
154968
156124
103222
127525
193166
199262
122164
77478
159991
81080
138081
86815
146794
78977
78201
113068
181447
145588
162962
131832
141917
108205
107887
93542
92390
111262
182022
158628
87655
206035
206029
144178
146948
150829
106576
168233
85875
155370
195447
106404
200590
86699
151368
122154
121888
100962
143789
193871
195049
109568
141169
85951
116897
177588
76724
173768
109211
81317
186465
160266
93252
118669
167936
100667
199297
173785
119576
186741
165499
201971
148773
91563
83757
89884
157758
165952
106562
161831
157074
157187
91089
104700
197692
156685
87048
127508
143259
89770
150501
107420
130589
141107
81416
206043
190948
122011
176558
93739
149273
107573
185092
174019
120947
87745
106197
169344
140796
170576
194608
133489
178604
189020
156199
206045
84571
172293
168664
193742
117333
112596
156082
184101
109784
95321
175695
100727
89838
96268
148501
161285
184870
112434
187890
151167
87476
151577
194977
124787
122330
176922
112779
98683
162601
139199
105952
109487
91677
144726
84847
194285
188225
122184
153466
206047
135634
131811
92018
105979
206044
197690
86442
129390
184446
126520
190468
177441
80131
117103
137649
178852
171982
130459
86045
117958
90552
205401
121148
200009
92651
86923
162188
181546
175707
133888
143452
96559
164666
174881
172934
96519
84436
135788
141576
109030
174392
97820
181072
157783
140771
90272
139354
99001
128185
94659
197414
180575
134628
78436
139873
201744
122058
92704
151728
110605
164530
172122
97306
154716
166029
88463
167222
146701
145291
109064
137669
125767
102761
188619
82631
81563
198977
120276
90675
179081
196900
136636
165683
91140
79743
146188
177123
201415
174889
202434
136074
126786
122494
206056
112737
150359
111041
185493
95110
193221
178056
107321
159039
86927
104052
172049
135279
203386
136849
129907
87867
178682
78076
178624
174953
132851
88826
93523
192556
133916
107396
175751
161460
95501
118857
78869
84269
89005
177283
157384
110352
157619
80683
169662
130868
127759
169760
75968
174545
114801
79689
173169
164057
135444
200964
134950
204157
183308
186228
79114
204033
102057
85799
190214
120281
105556
118637
186273
189592
83814
159718
196327
188956
200103
169617
94195
113220
137144
135858
195667
96054
143696
196757
160862
104183
198397
95058
193711
131730
198707
193034
105916
205773
127029
104711
206062
191316
165991
164364
97745
77806
187566
105764
206064
173267
126487
76781
114048
179407
138525
165971
95205
191109
188311
186732
99659
157333
104253
171529
82536
95780
76935
188260
143020
168644
151866
83396
125515
88467
148245
141620
162529
87672
140009
127188
127275
178835
101780
135973
195498
141963
130420
191071
166117
197186
81819
189381
120722
173899
152993
162907
150037
168913
171249
78888
150578
77693
200635
78132
124895
203301
174793
151341
88501
100646
130891
160437
169319
184691
180131
154329
130379
201143
93476
191347
141458
116714
174394
102513
150889
120886
177813
78010
185733
193032
144803
145161
93362
194600
176702
130925
192461
194835
77330
179845
128548
148780
179318
181097
163586
126211
114256
178258
168803
126304
84195
206072
83436
191342
140750
174560
170174
110309
151357
182269
187738
132127
127674
82001
183293
179943
80769
112902
196036
117188
136861
77946
161546
161572
124433
121453
109911
157029
136912
124457
108668
95240
115021
201999
92098
119935
142617
123075
78504
147538
76356
184206
132674
170540
96197
98433
136552
87411
140498
152325
149402
107171
146555
160060
110357
85003
82808
91583
180443
105428
181400
95019
119227
90768
140651
169750
110419
159657
144116
88393
135789
194336
168039
116524
109449
154710
150197
85301
120297
195234
84766
140113
104901
151110
91293
114545
149216
196809
126827
183830
145455
80446
112585
86619
136586
96086
146870
104766
201368
177468
88703
155346
103452
185904
181859
84831
127196
134760
79512
130158
143141
194202
76757
78510
203619
161498
197772
154920
146231
138614
87294
91327
95959
206076
132481
200871
115523
197345
153792
102147
127243
120150
101013
168388
166010
106132
142895
200089
152883
108945
168758
123083
81475
206079
206080
154114
144263
92441
188293
193710
178557
205054
131976
94963
125540
151198
138042
138451
203526
93839
102157
192326
101479
110685
127795
183091
91882
158083
89429
101241
150846
152127
102703
93383
162873
135084
196085
176800
93101
130561
95051
205182
159194
167596
166062
123837
113684
100382
158514
83388
78766
79408
206085
96274
81860
77195
116593
197410
98879
136418
104249
91958
153645
198209
168050
134064
160981
188446
85648
98740
178458
78665
162022
143404
182814
104248
199930
112792
168289
96973
136013
78453
77666
170768
115675
186421
90921
157878
76620
163184
157997
179596
182236
203660
82497
92911
169644
151987
85204
199917
152874
166603
179035
195261
149101
169288
140536
97683
96465
147047
194891
127357
137927
117942
77306
107477
114453
185051
110046
176394
160163
181284
157174
81898
86414
99966
119247
78062
105403
157490
103400
115404
87064
193658
206092
166583
145017
76187
184782
185529
95083
178413
184595
91095
134132
144716
96544
110313
185863
176358
201694
124333
180231
151700
81474
88597
105461
127901
75903
186002
112735
109931
180620
153484
146904
156931
181152
163696
153450
129144
203437
108019
141770
85183
135142
193916
102067
85298
124890
177865
198411
119630
118651
194272
205867
123583
93005
119594
114669
114458
99694
125720
162373
96996
141191
123700
140823
188224
146496
200078
82421
158433
166357
156821
206087
100924
78426
183771
131411
177387
101335
86889
146166
151984
205609
132457
152202
125036
174517
135799
178414
76772
81775
192459
99378
153559
142800
83406
109435
178456
126421
145926
186145
203008
125499
77651
162174
117315
139786
205850
179153
95785
94710
127514
129114
198861
203371
